131	0.00131511688232	0.000777959823608	0.000176906585693
132	0.00120902061462	0.000493049621582	0.000165939331055
133	0.00129699707031	0.000550985336304	0.000180959701538
134	0.00130796432495	0.00050687789917	0.000164985656738
135	0.00120401382446	0.000509977340698	0.000171184539795
136	0.0012218952179	0.000521898269653	0.000165939331055
137	0.00115704536438	0.000536918640137	0.000195980072021
138	0.00205492973328	0.000831127166748	0.000186920166016
139	0.00152492523193	0.000571012496948	0.000185012817383
140	0.001296043396	0.000556945800781	0.000181913375854
141	0.00134897232056	0.00057315826416	0.000172853469849
142	0.00141501426697	0.000572919845581	0.000180006027222
143	0.00148701667786	0.000641107559204	0.000191926956177
144	0.00138115882874	0.000577926635742	0.00019097328186
145	0.00145816802979	0.000598192214966	0.000189065933228
146	0.0014500617981	0.000591993331909	0.00018310546875
147	0.00153207778931	0.000608921051025	0.000182867050171
148	0.00145316123962	0.000636100769043	0.000202894210815
149	0.00148892402649	0.000617980957031	0.000194072723389
150	0.00145411491394	0.000633001327515	0.000186920166016
151	0.0014967918396	0.000663042068481	0.00019383430481
152	0.00248003005981	0.00127792358398	0.000224113464355
153	0.00185990333557	0.000755071640015	0.000216960906982
154	0.00179409980774	0.000715017318726	0.000221014022827
155	0.00172305107117	0.000669956207275	0.000200033187866
156	0.00172019004822	0.000684022903442	0.000207185745239
157	0.00167798995972	0.000701189041138	0.000203132629395
158	0.00169992446899	0.000706911087036	0.000204801559448
159	0.00161790847778	0.000706911087036	0.000200986862183
160	0.00171995162964	0.000708103179932	0.000207901000977
161	0.00234603881836	0.00071907043457	0.000205993652344
162	0.00173115730286	0.00073504447937	0.000214099884033
163	0.00180506706238	0.000753879547119	0.000218152999878
164	0.00173187255859	0.000745058059692	0.000232934951782
165	0.00180220603943	0.000738143920898	0.000221014022827
166	0.00205397605896	0.00075888633728	0.000217914581299
167	0.00197196006775	0.0014021396637	0.000370979309082
168	0.0019052028656	0.000785112380981	0.000255107879639
169	0.00297808647156	0.00080394744873	0.000231981277466
170	0.00213503837585	0.000844955444336	0.000247001647949
171	0.00202608108521	0.000791072845459	0.00022292137146
172	0.00197196006775	0.000806093215942	0.000231981277466
173	0.00187993049622	0.000850915908813	0.000218868255615
174	0.00209903717041	0.000828981399536	0.000231981277466
175	0.00211691856384	0.000826120376587	0.000232934951782
176	0.00211405754089	0.000853061676025	0.000230073928833
177	0.00208187103271	0.000853061676025	0.000235080718994
178	0.00216293334961	0.000860929489136	0.000237941741943
179	0.00210094451904	0.00088906288147	0.000229120254517
180	0.00218796730042	0.000885963439941	0.000249147415161
181	0.00210905075073	0.000910997390747	0.000240802764893
182	0.00220394134521	0.000908136367798	0.000230073928833
183	0.00248885154724	0.00100708007812	0.000262022018433
184	0.00236701965332	0.00090503692627	0.000236034393311
185	0.00238299369812	0.000925064086914	0.000236988067627
186	0.00231909751892	0.000960826873779	0.000258922576904
187	0.00235199928284	0.000951051712036	0.000242948532104
188	0.00242519378662	0.000948190689087	0.000244855880737
189	0.00243401527405	0.000975131988525	0.000246047973633
190	0.00241804122925	0.000963926315308	0.000250101089478
191	0.00250101089478	0.000980138778687	0.000257968902588
192	0.00242710113525	0.00209498405457	0.00049614906311
193	0.00286912918091	0.00115203857422	0.000296115875244
194	0.00276803970337	0.0011510848999	0.000298023223877
195	0.00275301933289	0.00108504295349	0.000284194946289
196	0.00258803367615	0.00110411643982	0.000272035598755
197	0.00260210037231	0.00105881690979	0.00026798248291
198	0.00254511833191	0.00105118751526	0.000257968902588
199	0.00266695022583	0.00146198272705	0.000283002853394
200	0.0027379989624	0.00133991241455	0.000297069549561
201	0.00257802009583	0.0011510848999	0.000319004058838
202	0.0030369758606	0.00117206573486	0.000300168991089
203	0.00264310836792	0.00113201141357	0.000272989273071
204	0.00276684761047	0.00111079216003	0.000275850296021
205	0.00278902053833	0.00220704078674	0.000513792037964
206	0.00331401824951	0.00131702423096	0.000339031219482
207	0.00291395187378	0.00120806694031	0.000265121459961
208	0.00284218788147	0.00116491317749	0.000278949737549
209	0.00293898582458	0.00116586685181	0.0002760887146
210	0.00332403182983	0.00124883651733	0.000420093536377
211	0.00324392318726	0.00120782852173	0.000282049179077
212	0.00314712524414	0.0012378692627	0.000281095504761
213	0.00307202339172	0.0011990070343	0.000293016433716
214	0.00309801101685	0.00120687484741	0.000279903411865
215	0.00306415557861	0.0012378692627	0.000279903411865
216	0.00310206413269	0.0012309551239	0.000311851501465
217	0.00309491157532	0.00131106376648	0.000296115875244
218	0.00321292877197	0.00125193595886	0.000291109085083
219	0.00325703620911	0.00134491920471	0.000469923019409
220	0.0042130947113	0.00131106376648	0.000293970108032
221	0.00345706939697	0.00128602981567	0.000298976898193
222	0.00358510017395	0.0013120174408	0.000304937362671
223	0.00326800346375	0.00131797790527	0.000301122665405
224	0.00328397750854	0.00131511688232	0.000294923782349
225	0.0032970905304	0.00133895874023	0.000304937362671
226	0.00331282615662	0.00134491920471	0.000307083129883
227	0.00350713729858	0.00134778022766	0.000308990478516
228	0.00331711769104	0.00141096115112	0.000313997268677
229	0.00359892845154	0.00137400627136	0.000339984893799
230	0.00361585617065	0.00147199630737	0.00031304359436
231	0.00339508056641	0.00139808654785	0.000313997268677
232	0.00356197357178	0.00140380859375	0.000752210617065
233	0.0045919418335	0.001629114151	0.00036883354187
234	0.00403594970703	0.00144100189209	0.000316858291626
235	0.00360298156738	0.00145578384399	0.000349044799805
236	0.00383496284485	0.00150012969971	0.000313997268677
237	0.00480604171753	0.00154900550842	0.000330209732056
238	0.00374603271484	0.00156497955322	0.000341892242432
239	0.00381517410278	0.00152993202209	0.000343084335327
240	0.00388312339783	0.00156497955322	0.000324010848999
241	0.00398302078247	0.00151896476746	0.000342130661011
242	0.00384283065796	0.00163602828979	0.000325918197632
243	0.00392198562622	0.00156712532043	0.000330924987793
244	0.00396585464478	0.00155091285706	0.000324010848999
245	0.00389909744263	0.0016028881073	0.000349998474121
246	0.00424313545227	0.00165891647339	0.000333070755005
247	0.00397515296936	0.00160694122314	0.000339984893799
248	0.00418996810913	0.00170803070068	0.00036096572876
249	0.00476717948914	0.00188899040222	0.000370979309082
250	0.00416088104248	0.00168704986572	0.000339984893799
251	0.004145860672	0.00165605545044	0.000341892242432
252	0.00414395332336	0.00165200233459	0.00036096572876
253	0.00441098213196	0.0016610622406	0.000681161880493
254	0.00595617294312	0.00204586982727	0.000369071960449
255	0.00459694862366	0.0016930103302	0.000391006469727
256	0.00439095497131	0.00170207023621	0.000356912612915
257	0.00437712669373	0.00178098678589	0.000351190567017
258	0.00446105003357	0.00171995162964	0.000367879867554
259	0.0045530796051	0.00173807144165	0.000473022460938
260	0.00514698028564	0.0021800994873	0.000482082366943
261	0.00440382957458	0.00175809860229	0.000389099121094
262	0.0045211315155	0.001788854599	0.000346899032593
263	0.0044379234314	0.00181198120117	0.000391006469727
264	0.00466012954712	0.00184392929077	0.000385046005249
265	0.00451993942261	0.00187993049622	0.000380039215088
266	0.00470304489136	0.00182700157166	0.000363111495972
267	0.00459003448486	0.00184392929077	0.000391960144043
268	0.00470590591431	0.00190901756287	0.000383853912354
269	0.00450491905212	0.00186800956726	0.000384092330933
270	0.00484800338745	0.00194001197815	0.000400066375732
271	0.00482702255249	0.00189709663391	0.000375986099243
272	0.00503206253052	0.00203990936279	0.000378131866455
273	0.00496411323547	0.00192713737488	0.00039005279541
274	0.00721478462219	0.00231003761292	0.000441789627075
275	0.00549912452698	0.00202798843384	0.000387907028198
276	0.00488901138306	0.00196290016174	0.000401020050049
277	0.00517296791077	0.00197601318359	0.000391006469727
278	0.00589418411255	0.00218510627747	0.00066089630127
279	0.00499677658081	0.00224018096924	0.000401973724365
280	0.00769400596619	0.00326704978943	0.000396013259888
281	0.00567197799683	0.00203108787537	0.000395774841309
282	0.00530481338501	0.00206780433655	0.000388145446777
283	0.00527095794678	0.0020740032196	0.000405073165894
284	0.00524687767029	0.00207805633545	0.000385999679565
285	0.00525689125061	0.00208592414856	0.000385046005249
286	0.00752711296082	0.00244402885437	0.000460863113403
287	0.00599813461304	0.00231695175171	0.000446081161499
288	0.00531101226807	0.00223207473755	0.000399112701416
289	0.00544595718384	0.00222301483154	0.000434160232544
290	0.00553297996521	0.0021641254425	0.000433921813965
291	0.00550889968872	0.00217986106873	0.000423192977905
292	0.00566482543945	0.00223398208618	0.000427007675171
293	0.00589990615845	0.00225210189819	0.000409126281738
294	0.00587201118469	0.0022349357605	0.000431060791016
295	0.00570297241211	0.0022611618042	0.000424861907959
296	0.00768208503723	0.00249195098877	0.000448942184448
297	0.00602197647095	0.00239586830139	0.000416040420532
298	0.00595593452454	0.00240015983582	0.000468015670776
299	0.00616312026978	0.00233292579651	0.000423192977905
300	0.00590801239014	0.0023078918457	0.00043797492981
301	0.00602316856384	0.00237393379211	0.000427961349487
302	0.00588893890381	0.00240206718445	0.00043797492981
303	0.00596904754639	0.00235199928284	0.000431060791016
304	0.00628805160522	0.00242781639099	0.000433921813965
305	0.0059871673584	0.0023980140686	0.000436067581177
306	0.00600004196167	0.00248408317566	0.000427007675171
307	0.00614213943481	0.00243210792542	0.000427961349487
308	0.00626683235168	0.00278282165527	0.000514984130859
309	0.00881004333496	0.00424599647522	0.000821113586426
310	0.006352186203	0.00252199172974	0.000478982925415
311	0.00636196136475	0.00246787071228	0.000439882278442
312	0.00828909873962	0.00297093391418	0.000519990921021
313	0.00733995437622	0.0025041103363	0.000455856323242
314	0.0064971446991	0.00267887115479	0.000466108322144
315	0.00648999214172	0.00256013870239	0.000452041625977
316	0.00654292106628	0.0026228427887	0.000442981719971
317	0.00669097900391	0.00258803367615	0.000442981719971
318	0.00669717788696	0.00321483612061	0.000631093978882
319	0.00649118423462	0.00261688232422	0.000450134277344
320	0.00690484046936	0.00262784957886	0.000460147857666
321	0.00913786888123	0.00301909446716	0.000519990921021
322	0.00696015357971	0.00266408920288	0.000465869903564
323	0.00697898864746	0.0026638507843	0.000478029251099
324	0.00694704055786	0.00268197059631	0.000478982925415
325	0.00731301307678	0.00281310081482	0.000484943389893
326	0.00704288482666	0.00274801254272	0.00046706199646
327	0.00713706016541	0.0027220249176	0.00047492980957
328	0.00739789009094	0.00275492668152	0.000566005706787
329	0.0077428817749	0.00295495986938	0.000535011291504
330	0.00750017166138	0.00276494026184	0.000505924224854
331	0.00733804702759	0.00279402732849	0.000484943389893
332	0.00696587562561	0.00282788276672	0.000509977340698
333	0.00734305381775	0.00283622741699	0.000519037246704
334	0.00722908973694	0.00286197662354	0.000476837158203
335	0.00752305984497	0.00291013717651	0.000478982925415
336	0.00738382339478	0.00287294387817	0.000494956970215
337	0.00791811943054	0.00290298461914	0.000492095947266
338	0.00924897193909	0.00329804420471	0.000511169433594
339	0.00765800476074	0.0029571056366	0.000504970550537
340	0.00765109062195	0.00293493270874	0.000523090362549
341	0.00981593132019	0.00357413291931	0.00058913230896
342	0.00842714309692	0.00300002098083	0.000514984130859
343	0.0080771446228	0.00303292274475	0.000537872314453
344	0.00801587104797	0.00366616249084	0.000602006912231
345	0.00812602043152	0.0031590461731	0.000498056411743
346	0.00783205032349	0.00318694114685	0.000514984130859
347	0.00777816772461	0.00312280654907	0.00051212310791
348	0.00781106948853	0.00312399864197	0.000597953796387
349	0.00810885429382	0.00309705734253	0.00052285194397
350	0.00805401802063	0.00324892997742	0.000521183013916
351	0.00848913192749	0.00311803817749	0.000516176223755
352	0.00845503807068	0.00327014923096	0.000543832778931
353	0.00814914703369	0.00320100784302	0.00052285194397
354	0.00848484039307	0.00328302383423	0.000508785247803
355	0.00849008560181	0.00320792198181	0.000525951385498
356	0.00849008560181	0.00353407859802	0.000591039657593
357	0.00865793228149	0.00337600708008	0.000516891479492
358	0.00841593742371	0.00327801704407	0.000550031661987
359	0.00902199745178	0.0050208568573	0.000590085983276
360	0.00893402099609	0.00330209732056	0.000552892684937
361	0.00847983360291	0.00330185890198	0.00053596496582
362	0.00847101211548	0.003338098526	0.000514984130859
363	0.0094518661499	0.00358915328979	0.00054407119751
364	0.00847315788269	0.00342488288879	0.000669002532959
365	0.00921082496643	0.0033860206604	0.000533103942871
366	0.00938487052917	0.00345516204834	0.000533103942871
367	0.0117349624634	0.00365781784058	0.000556945800781
368	0.00914096832275	0.00345492362976	0.000553131103516
369	0.00924706459045	0.00353312492371	0.000547170639038
370	0.00915813446045	0.00353503227234	0.000550985336304
371	0.00905799865723	0.00349497795105	0.000556945800781
372	0.00912690162659	0.00360488891602	0.000548839569092
373	0.00923585891724	0.00399804115295	0.000565052032471
374	0.00932312011719	0.00370097160339	0.00056004524231
375	0.00913310050964	0.00360512733459	0.000566959381104
376	0.0100269317627	0.00366306304932	0.000554800033569
377	0.00943398475647	0.00361704826355	0.000570774078369
378	0.0093560218811	0.00364398956299	0.000577926635742
379	0.00932002067566	0.003662109375	0.000555992126465
380	0.0095489025116	0.00373482704163	0.000584840774536
381	0.0097382068634	0.00372910499573	0.000561952590942
382	0.00966596603394	0.00427508354187	0.000807046890259
383	0.0107529163361	0.00377988815308	0.000570058822632
384	0.00959777832031	0.00374102592468	0.000584125518799
385	0.010232925415	0.00399708747864	0.000574111938477
386	0.0103559494019	0.00464391708374	0.00066614151001
387	0.0102601051331	0.00399303436279	0.00062108039856
388	0.0102009773254	0.00393891334534	0.000592231750488
389	0.0125350952148	0.00451612472534	0.000690221786499
390	0.0104489326477	0.00514101982117	0.000716924667358
391	0.0110230445862	0.00396108627319	0.000593900680542
392	0.0121428966522	0.00454902648926	0.000970125198364
393	0.0104279518127	0.00397205352783	0.000581979751587
394	0.0104999542236	0.00456309318542	0.000585079193115
395	0.0101699829102	0.00397992134094	0.000606060028076
396	0.0105941295624	0.00399518013	0.000595808029175
397	0.0123720169067	0.00459098815918	0.000668048858643
398	0.0107140541077	0.00401401519775	0.000582218170166
399	0.0109429359436	0.00407791137695	0.000586986541748
400	0.0135769844055	0.00435495376587	0.000611066818237
401	0.0105738639832	0.00406408309937	0.000808000564575
402	0.0131928920746	0.00522494316101	0.000633001327515
403	0.0105810165405	0.00412201881409	0.000603914260864
404	0.0107688903809	0.0041937828064	0.000640869140625
405	0.0109620094299	0.00415205955505	0.000642061233521
406	0.0115270614624	0.00419592857361	0.000707149505615
407	0.0107460021973	0.00418305397034	0.000604152679443
408	0.01136302948	0.00448513031006	0.000623941421509
409	0.0108740329742	0.00431084632874	0.000624179840088
410	0.0111970901489	0.00428104400635	0.000707149505615
411	0.0133819580078	0.00493717193604	0.00068187713623
412	0.0119738578796	0.00429105758667	0.000613927841187
413	0.0114800930023	0.00439095497131	0.000617027282715
414	0.01136302948	0.0044219493866	0.00062108039856
415	0.0115149021149	0.00435209274292	0.000634908676147
416	0.0119869709015	0.00495386123657	0.000617027282715
417	0.0118010044098	0.00486707687378	0.000674962997437
418	0.0118441581726	0.00448203086853	0.000640869140625
419	0.0142600536346	0.00489807128906	0.000657081604004
420	0.0127239227295	0.00618290901184	0.000725984573364
421	0.0129280090332	0.00601482391357	0.00073504447937
422	0.0133950710297	0.00575113296509	0.000716924667358
423	0.0118601322174	0.00451612472534	0.000633001327515
424	0.0121829509735	0.00453400611877	0.000651836395264
425	0.011883020401	0.00464916229248	0.000669002532959
426	0.0123991966248	0.00635194778442	0.000757932662964
427	0.0122098922729	0.00684499740601	0.000740051269531
428	0.0125710964203	0.00464582443237	0.000668048858643
429	0.012353181839	0.00465106964111	0.000652074813843
430	0.0123269557953	0.00502395629883	0.000646114349365
431	0.0136730670929	0.00539898872375	0.000725030899048
432	0.0128757953644	0.00478601455688	0.000663995742798
433	0.0156099796295	0.00519299507141	0.000892877578735
434	0.0124449729919	0.00476098060608	0.000683069229126
435	0.0124998092651	0.00488781929016	0.000652074813843
436	0.0150392055511	0.00508999824524	0.000655889511108
437	0.0130999088287	0.00493812561035	0.000685930252075
438	0.012797832489	0.0048451423645	0.000655889511108
439	0.0130710601807	0.00496888160706	0.000691175460815
440	0.0127410888672	0.0049729347229	0.00068211555481
441	0.0134971141815	0.00493812561035	0.000678062438965
442	0.013414144516	0.00499796867371	0.000679969787598
443	0.0128009319305	0.00500321388245	0.000678062438965
444	0.0126302242279	0.00499391555786	0.000663995742798
445	0.0132758617401	0.00499200820923	0.000702857971191
446	0.014750957489	0.00501799583435	0.000679016113281
447	0.0128581523895	0.00526213645935	0.000699996948242
448	0.015557050705	0.00552988052368	0.000694990158081
449	0.0131449699402	0.00515413284302	0.000691890716553
450	0.017019033432	0.0059928894043	0.000813961029053
451	0.0139520168304	0.00638890266418	0.00090503692627
452	0.0169439315796	0.00537276268005	0.00075101852417
453	0.0136461257935	0.00521206855774	0.00073504447937
454	0.0135610103607	0.00523900985718	0.000945091247559
455	0.0137929916382	0.00522994995117	0.000685930252075
456	0.0143001079559	0.00720906257629	0.000798940658569
457	0.014358997345	0.00530600547791	0.000684022903442
458	0.0165410041809	0.00545692443848	0.000709056854248
459	0.0139319896698	0.0053699016571	0.000729084014893
460	0.0140600204468	0.00536799430847	0.000707149505615
461	0.0170450210571	0.00540113449097	0.00078010559082
462	0.0139491558075	0.00547409057617	0.000697135925293
463	0.0151181221008	0.00609707832336	0.000826835632324
464	0.0144081115723	0.00543284416199	0.000702857971191
465	0.0143101215363	0.00553798675537	0.000823020935059
466	0.0157098770142	0.00549101829529	0.000717878341675
467	0.0169270038605	0.00621819496155	0.000760078430176
468	0.014142036438	0.00563597679138	0.000706911087036
469	0.0140650272369	0.00583100318909	0.000777959823608
470	0.0149159431458	0.00565004348755	0.000745058059692
471	0.014524936676	0.00564503669739	0.000732183456421
472	0.0161089897156	0.00575590133667	0.000717878341675
473	0.0149669647217	0.00574398040771	0.000752925872803
474	0.0158200263977	0.00584101676941	0.000717878341675
475	0.0148849487305	0.00573492050171	0.000707864761353
476	0.0173370838165	0.00642418861389	0.000746965408325
477	0.015349149704	0.00578188896179	0.000720977783203
478	0.0158140659332	0.0059380531311	0.000730991363525
479	0.0154981613159	0.00584101676941	0.000766038894653
480	0.0173659324646	0.0065450668335	0.000810861587524
481	0.0156118869781	0.00593590736389	0.000740051269531
482	0.0154800415039	0.00597310066223	0.00074315071106
483	0.0155210494995	0.00610899925232	0.00076699256897
484	0.0165729522705	0.00848388671875	0.00107789039612
485	0.0170378684998	0.00593090057373	0.000741958618164
486	0.0158929824829	0.00596404075623	0.000741958618164
487	0.0156099796295	0.00599217414856	0.000741004943848
488	0.0159139633179	0.00612211227417	0.00077486038208
489	0.0156991481781	0.00627684593201	0.000771045684814
490	0.0161919593811	0.00608491897583	0.000768899917603
491	0.0160689353943	0.00611090660095	0.000881910324097
492	0.0181620121002	0.00628685951233	0.00074291229248
493	0.016371011734	0.00612497329712	0.000751972198486
494	0.0166919231415	0.00655698776245	0.000759840011597
495	0.0159587860107	0.0061719417572	0.000784158706665
496	0.0185050964355	0.0062689781189	0.000778913497925
497	0.0163550376892	0.00634098052979	0.000766038894653
498	0.0165598392487	0.00627279281616	0.000773906707764
499	0.0166120529175	0.00630187988281	0.000779867172241
500	0.01930809021	0.00641012191772	0.000809907913208
501	0.0174379348755	0.00636911392212	0.000771999359131
502	0.0165638923645	0.00636100769043	0.000769853591919
503	0.0167300701141	0.00770497322083	0.00127410888672
504	0.0180351734161	0.0066339969635	0.000895977020264
505	0.0167050361633	0.00651001930237	0.000808954238892
506	0.017452955246	0.00649785995483	0.000771999359131
507	0.0174601078033	0.00674104690552	0.00078821182251
508	0.0174598693848	0.00685501098633	0.000782012939453
509	0.018002986908	0.00915002822876	0.000818014144897
510	0.0177960395813	0.00655484199524	0.000824928283691
511	0.0199851989746	0.00664091110229	0.000824928283691
512	0.0169920921326	0.00679206848145	0.000886917114258
513	0.0182480812073	0.00676894187927	0.000813007354736
514	0.0174291133881	0.00888991355896	0.000890970230103
515	0.020430803299	0.00702095031738	0.000813961029053
516	0.0202021598816	0.00757908821106	0.000939846038818
517	0.0176069736481	0.0067880153656	0.000799894332886
518	0.0171208381653	0.00681686401367	0.000799179077148
519	0.0176498889923	0.0067880153656	0.000858068466187
520	0.0186419487	0.00694513320923	0.000897884368896
521	0.0181429386139	0.00713491439819	0.000844955444336
522	0.0180511474609	0.00686597824097	0.000849008560181
523	0.0182061195374	0.00688409805298	0.000870943069458
524	0.018002986908	0.00699400901794	0.000809192657471
525	0.0213639736176	0.00715684890747	0.000826120376587
526	0.01828789711	0.00696206092834	0.000868082046509
527	0.0185539722443	0.00713992118835	0.000880002975464
528	0.0191769599915	0.00734400749207	0.000833988189697
529	0.0187478065491	0.00710892677307	0.000821828842163
530	0.0197908878326	0.00713992118835	0.000817060470581
531	0.0192241668701	0.00715208053589	0.000845909118652
532	0.0219721794128	0.00720000267029	0.00154399871826
533	0.0195050239563	0.00730800628662	0.000877857208252
534	0.0193519592285	0.0072820186615	0.000818014144897
535	0.0200200080872	0.00945496559143	0.000890016555786
536	0.0186491012573	0.00734686851501	0.000844955444336
537	0.0221700668335	0.00726699829102	0.000866889953613
538	0.019170999527	0.00741791725159	0.000826120376587
539	0.0218398571014	0.00765299797058	0.000937938690186
540	0.0190379619598	0.00776100158691	0.000948905944824
541	0.0192558765411	0.00754189491272	0.000841856002808
542	0.0200929641724	0.0075159072876	0.000955104827881
543	0.021507024765	0.00873899459839	0.000895977020264
544	0.0202648639679	0.00755310058594	0.00111198425293
545	0.0227770805359	0.00786185264587	0.000824928283691
546	0.020455121994	0.00753307342529	0.000850915908813
547	0.0200190544128	0.00770807266235	0.000866174697876
548	0.0214760303497	0.00765204429626	0.000885009765625
549	0.0204010009766	0.00778198242188	0.000859022140503
550	0.0197989940643	0.00779914855957	0.000853061676025
551	0.0199258327484	0.00772595405579	0.000895023345947
552	0.0203449726105	0.00783109664917	0.000900983810425
553	0.0230360031128	0.0077428817749	0.000883817672729
554	0.0200831890106	0.0162060260773	0.00101399421692
555	0.0357069969177	0.00904512405396	0.000900030136108
556	0.0216948986053	0.00796699523926	0.000932931900024
557	0.0218501091003	0.00851392745972	0.00106501579285
558	0.021066904068	0.00783801078796	0.000863790512085
559	0.0210349559784	0.0079300403595	0.000866174697876
560	0.021577835083	0.00789093971252	0.000854969024658
561	0.0223948955536	0.00806212425232	0.000882148742676
562	0.0211229324341	0.00800085067749	0.000906944274902
563	0.0223331451416	0.00798797607422	0.000916957855225
564	0.0232989788055	0.00813102722168	0.000880002975464
565	0.0210890769958	0.00807809829712	0.00091290473938
566	0.0213060379028	0.00825691223145	0.000940084457397
567	0.0209197998047	0.00909209251404	0.000953912734985
568	0.0215091705322	0.00821399688721	0.00132417678833
569	0.0237760543823	0.0085301399231	0.000911951065063
570	0.0233669281006	0.00846004486084	0.000891923904419
571	0.0225179195404	0.00828886032104	0.000882148742676
572	0.0241270065308	0.00824594497681	0.000884056091309
573	0.0217301845551	0.00830507278442	0.000937938690186
574	0.0227479934692	0.0107469558716	0.00108885765076
575	0.0226159095764	0.00834083557129	0.000947952270508
576	0.0220470428467	0.00980401039124	0.00121593475342
577	0.0256199836731	0.0091438293457	0.000911951065063
578	0.0236110687256	0.00853800773621	0.00120997428894
579	0.0235860347748	0.00935006141663	0.00123000144958
580	0.027214050293	0.00866889953613	0.00120496749878
581	0.027116060257	0.00971221923828	0.000993013381958
582	0.0224738121033	0.00861406326294	0.000910043716431
583	0.0224921703339	0.00903487205505	0.000913143157959
584	0.0250730514526	0.0107460021973	0.000899791717529
585	0.0254580974579	0.00895404815674	0.000943899154663
586	0.0229790210724	0.00867605209351	0.000967025756836
587	0.0236430168152	0.00870108604431	0.000915050506592
588	0.02254986763	0.00878500938416	0.000931024551392
589	0.0237059593201	0.00875020027161	0.000916004180908
590	0.0227661132812	0.00880098342896	0.000921010971069
591	0.0233869552612	0.0112988948822	0.00100517272949
592	0.0229380130768	0.00885701179504	0.00104308128357
593	0.0240879058838	0.00897598266602	0.000954151153564
594	0.0266788005829	0.00896096229553	0.000946044921875
595	0.0243139266968	0.0089099407196	0.000931978225708
596	0.0268850326538	0.0091028213501	0.00129103660583
597	0.0246798992157	0.00906205177307	0.00095009803772
598	0.0236461162567	0.00916790962219	0.000924110412598
599	0.0234370231628	0.00905919075012	0.000962972640991
600	0.0238208770752	0.0115051269531	0.00107002258301
601	0.0238959789276	0.00913500785828	0.00100493431091
602	0.0247230529785	0.00913000106812	0.000952959060669
603	0.0299699306488	0.00960183143616	0.00101399421692
604	0.0306389331818	0.0101628303528	0.000991106033325
605	0.0266268253326	0.0113480091095	0.000991106033325
606	0.0256519317627	0.00958514213562	0.00105619430542
607	0.0371499061584	0.0146880149841	0.00207996368408
608	0.0293200016022	0.0115628242493	0.000994920730591
609	0.0265328884125	0.0119168758392	0.00190210342407
610	0.0341689586639	0.00968503952026	0.00100708007812
611	0.0263078212738	0.0111348628998	0.0011830329895
612	0.0282089710236	0.0110280513763	0.00101494789124
613	0.0306529998779	0.00992584228516	0.000995874404907
614	0.035609960556	0.0102250576019	0.000972032546997
615	0.0409610271454	0.0165150165558	0.000949144363403
616	0.0655398368835	0.021203994751	0.00108313560486
617	0.0341920852661	0.0102310180664	0.00101900100708
618	0.0252690315247	0.0104038715363	0.00107097625732
619	0.0269200801849	0.00979900360107	0.00103092193604
620	0.0311379432678	0.00984406471252	0.00101399421692
621	0.0265040397644	0.0101430416107	0.00104188919067
622	0.0258281230927	0.0103271007538	0.00100493431091
623	0.0262069702148	0.00977492332458	0.000978946685791
624	0.0269861221313	0.00981283187866	0.00101590156555
625	0.0271089076996	0.0107879638672	0.00101900100708
626	0.026603937149	0.0101008415222	0.00100517272949
627	0.0267779827118	0.0101239681244	0.00103998184204
628	0.0268738269806	0.010027885437	0.000975847244263
629	0.026123046875	0.00998997688293	0.000980854034424
630	0.0279719829559	0.0103671550751	0.00099778175354
631	0.0270459651947	0.0101099014282	0.00107192993164
632	0.026957988739	0.0101869106293	0.0010941028595
633	0.0275440216064	0.0101180076599	0.00115990638733
634	0.0266931056976	0.010213136673	0.00103783607483
635	0.0288579463959	0.010204076767	0.00102806091309
636	0.0283401012421	0.0102109909058	0.00104379653931
637	0.0274970531464	0.0106098651886	0.001051902771
638	0.0269150733948	0.0103838443756	0.00100803375244
639	0.0288321971893	0.0104088783264	0.00102496147156
640	0.0283858776093	0.0105328559875	0.00106120109558
641	0.0297360420227	0.0104231834412	0.00102996826172
642	0.0281159877777	0.0107038021088	0.00106692314148
643	0.0282621383667	0.0109560489655	0.00104594230652
644	0.0271780490875	0.0109088420868	0.00113701820374
645	0.0277330875397	0.0108580589294	0.00144195556641
646	0.0279319286346	0.0109889507294	0.00106310844421
647	0.0289669036865	0.010812997818	0.00105309486389
648	0.0308060646057	0.0107438564301	0.00104522705078
649	0.0306119918823	0.0107100009918	0.00106501579285
650	0.0280230045319	0.0112171173096	0.00106310844421
651	0.0280351638794	0.0119638442993	0.00200700759888
652	0.0274019241333	0.0134150981903	0.00124883651733
653	0.0311288833618	0.0121078491211	0.00112104415894
654	0.0288779735565	0.0113520622253	0.00120401382446
655	0.0304741859436	0.011461019516	0.00105309486389
656	0.0297911167145	0.011433839798	0.00107288360596
657	0.0319108963013	0.0109519958496	0.00106000900269
658	0.0289769172668	0.0110011100769	0.00101494789124
659	0.0296990871429	0.0135891437531	0.00125908851624
660	0.0333139896393	0.0110709667206	0.00104999542236
661	0.0291168689728	0.0111608505249	0.00104999542236
662	0.0360209941864	0.0151500701904	0.00143814086914
663	0.0307660102844	0.0112209320068	0.00107717514038
664	0.029913187027	0.0111269950867	0.00108408927917
665	0.0306441783905	0.0135459899902	0.00127387046814
666	0.0309150218964	0.0114388465881	0.00135493278503
667	0.054652929306	0.0114560127258	0.00108480453491
668	0.0317578315735	0.0112571716309	0.00109004974365
669	0.0300741195679	0.0113959312439	0.00107908248901
670	0.0300340652466	0.0122809410095	0.00109505653381
671	0.0305509567261	0.011687040329	0.00128197669983
672	0.0318398475647	0.011549949646	0.00107502937317
673	0.0359301567078	0.0247709751129	0.00220394134521
674	0.0604021549225	0.0118138790131	0.00109601020813
675	0.0308771133423	0.0116469860077	0.00106811523438
676	0.0377399921417	0.012188911438	0.00106191635132
677	0.031867980957	0.011834859848	0.00110197067261
678	0.0326869487762	0.0117950439453	0.00110793113708
679	0.0321691036224	0.0118210315704	0.00111603736877
680	0.0332131385803	0.0118138790131	0.00110507011414
681	0.0311691761017	0.0119371414185	0.00109505653381
682	0.0315818786621	0.0127010345459	0.00113201141357
683	0.0316340923309	0.0118999481201	0.00116205215454
684	0.0318620204926	0.011885881424	0.00109910964966
685	0.0309870243073	0.0118269920349	0.00115704536438
686	0.032341003418	0.0133581161499	0.00114107131958
687	0.0332219600677	0.0123870372772	0.00114512443542
688	0.0322890281677	0.0128149986267	0.00116491317749
689	0.0333650112152	0.0123958587646	0.00113487243652
690	0.0330100059509	0.0126791000366	0.00111413002014
691	0.0316200256348	0.0126190185547	0.00110912322998
692	0.0329051017761	0.0132439136505	0.00131678581238
693	0.0322909355164	0.012176990509	0.00113797187805
694	0.0347058773041	0.0124289989471	0.00112295150757
695	0.0323648452759	0.0152230262756	0.00111198425293
696	0.0366580486298	0.0123710632324	0.00111699104309
697	0.0373449325562	0.0129611492157	0.00111794471741
698	0.0329270362854	0.0124070644379	0.00113105773926
699	0.0388758182526	0.012571811676	0.0011420249939
700	0.0358691215515	0.0124728679657	0.00116086006165
701	0.0335538387299	0.0147681236267	0.00127792358398
702	0.0331149101257	0.012503862381	0.00110197067261
703	0.0351588726044	0.0125150680542	0.00110816955566
704	0.0330500602722	0.0126700401306	0.00115919113159
705	0.0330770015717	0.0126039981842	0.00116515159607
706	0.0329549312592	0.0129790306091	0.00112891197205
707	0.0332009792328	0.0127670764923	0.00118708610535
708	0.0344231128693	0.0126931667328	0.00117301940918
709	0.0389630794525	0.0150129795074	0.0013210773468
710	0.0371098518372	0.0127620697021	0.00119280815125
711	0.0348229408264	0.0128409862518	0.00115609169006
712	0.0363039970398	0.0129029750824	0.00114798545837
713	0.0340690612793	0.0144331455231	0.00114703178406
714	0.0403089523315	0.012964963913	0.00131487846375
715	0.0342819690704	0.0129301548004	0.00119209289551
716	0.0349979400635	0.0137050151825	0.0012378692627
717	0.0350389480591	0.0151689052582	0.00129914283752
718	0.0347108840942	0.0131540298462	0.00123596191406
719	0.0371809005737	0.0146019458771	0.00115203857422
720	0.0377259254456	0.0130519866943	0.00117492675781
721	0.0376060009003	0.0131008625031	0.00122785568237
722	0.0341618061066	0.0135571956635	0.00119400024414
723	0.050304889679	0.0292069911957	0.00144100189209
724	0.0666739940643	0.0230498313904	0.00125098228455
725	0.0363459587097	0.0137479305267	0.0012469291687
726	0.0368359088898	0.0136511325836	0.00128412246704
727	0.0365030765533	0.0142209529877	0.00115394592285
728	0.0359661579132	0.0143229961395	0.00120496749878
729	0.0369901657104	0.013463973999	0.00117802619934
730	0.0352380275726	0.0136620998383	0.0012218952179
731	0.0357611179352	0.0136821269989	0.00125002861023
732	0.0378308296204	0.0141468048096	0.00144791603088
733	0.037477016449	0.0135478973389	0.00136399269104
734	0.0361411571503	0.0136590003967	0.00117087364197
735	0.0362219810486	0.0152969360352	0.00125503540039
736	0.0369958877563	0.0138669013977	0.00183296203613
737	0.0380029678345	0.0150139331818	0.00143313407898
738	0.0369319915771	0.0138809680939	0.00125598907471
739	0.0374231338501	0.0151219367981	0.00119209289551
740	0.0362720489502	0.0152750015259	0.00135493278503
741	0.0386140346527	0.0151860713959	0.00127005577087
742	0.0389940738678	0.0149049758911	0.00118112564087
743	0.0382409095764	0.0148808956146	0.0014009475708
744	0.0405950546265	0.015398979187	0.0014910697937
745	0.0388119220734	0.0153338909149	0.00121903419495
746	0.0372519493103	0.017324924469	0.00124502182007
747	0.038666009903	0.014288187027	0.00124716758728
748	0.0371921062469	0.014123916626	0.00133895874023
749	0.037938117981	0.014212846756	0.00121593475342
750	0.0419421195984	0.0146999359131	0.00124192237854
751	0.0377368927002	0.0147249698639	0.00127291679382
752	0.0387690067291	0.0144720077515	0.00124311447144
753	0.0379829406738	0.0144119262695	0.00119781494141
754	0.0382189750671	0.0143599510193	0.00130605697632
755	0.040470123291	0.0145139694214	0.00120401382446
756	0.0386919975281	0.0144579410553	0.00124096870422
757	0.0386221408844	0.0208699703217	0.00153994560242
758	0.0542080402374	0.0213220119476	0.001384973526
759	0.0411911010742	0.0172488689423	0.00146508216858
760	0.0514400005341	0.0333890914917	0.00164198875427
761	0.0588669776917	0.0147571563721	0.0013120174408
762	0.0383470058441	0.0156390666962	0.00133895874023
763	0.0392498970032	0.0158929824829	0.00123000144958
764	0.0405020713806	0.0156290531158	0.0013439655304
765	0.0406758785248	0.0148739814758	0.0019268989563
766	0.0393431186676	0.0149810314178	0.00126910209656
767	0.0400419235229	0.0166220664978	0.00122117996216
768	0.0409870147705	0.0164878368378	0.0013120174408
769	0.0390648841858	0.0149960517883	0.0012481212616
770	0.0418450832367	0.0149741172791	0.00128602981567
771	0.0404870510101	0.0159611701965	0.00128602981567
772	0.0416560173035	0.0156009197235	0.00128507614136
773	0.0413889884949	0.0152020454407	0.00128293037415
774	0.0407240390778	0.0151391029358	0.00131893157959
775	0.042102098465	0.0163018703461	0.00138092041016
776	0.0398211479187	0.0166959762573	0.00125598907471
777	0.0399911403656	0.0160131454468	0.00144696235657
778	0.0422301292419	0.0153892040253	0.00135898590088
779	0.0425980091095	0.0157608985901	0.0012788772583
780	0.0401780605316	0.0177018642426	0.00148797035217
781	0.0421469211578	0.0179431438446	0.00136184692383
782	0.0408010482788	0.0176889896393	0.00149416923523
783	0.0649380683899	0.0167191028595	0.00150418281555
784	0.0417220592499	0.0163180828094	0.00128602981567
785	0.0412051677704	0.0156240463257	0.00130701065063
786	0.0438709259033	0.0167381763458	0.00140714645386
787	0.0446178913116	0.0161728858948	0.00131487846375
788	0.0422461032867	0.0164618492126	0.00131607055664
789	0.0420570373535	0.0157208442688	0.00129103660583
790	0.0416030883789	0.0176160335541	0.00136685371399
791	0.042818069458	0.0163199901581	0.00135397911072
792	0.0436880588531	0.0184869766235	0.00131106376648
793	0.0453319549561	0.0167751312256	0.0015549659729
794	0.0445680618286	0.0164821147919	0.00135707855225
795	0.0430700778961	0.0164949893951	0.00131607055664
796	0.0437150001526	0.0193099975586	0.00143313407898
797	0.0934388637543	0.0232448577881	0.00133299827576
798	0.043380022049	0.0166850090027	0.00135898590088
799	0.04825091362	0.0172638893127	0.00172305107117
800	0.0500860214233	0.0226550102234	0.00223898887634
801	0.0441000461578	0.0166580677032	0.0013689994812
802	0.0446240901947	0.0190401077271	0.00144100189209
803	0.046238899231	0.0166599750519	0.00128579139709
804	0.0434398651123	0.0170629024506	0.00205612182617
805	0.0529661178589	0.0184860229492	0.00139498710632
806	0.0464549064636	0.0187599658966	0.00135111808777
807	0.0466420650482	0.0183398723602	0.00134706497192
808	0.0469858646393	0.0191609859467	0.00140500068665
809	0.0490651130676	0.0182590484619	0.00140500068665
810	0.045961856842	0.0190379619598	0.00138807296753
811	0.0480051040649	0.0188310146332	0.00188088417053
812	0.0463700294495	0.0184180736542	0.0014340877533
813	0.0468299388885	0.0187849998474	0.00136280059814
814	0.0479547977448	0.0175309181213	0.00138115882874
815	0.0470550060272	0.0182371139526	0.00142002105713
816	0.0459270477295	0.0177190303802	0.00139093399048
817	0.0489480495453	0.0182018280029	0.00140309333801
818	0.0751249790192	0.0218341350555	0.00135493278503
819	0.0485310554504	0.0175769329071	0.00164890289307
820	0.0448899269104	0.0173101425171	0.00135588645935
821	0.0452020168304	0.0171940326691	0.00141406059265
822	0.0478820800781	0.0177910327911	0.00136208534241
823	0.0476620197296	0.018364906311	0.00167608261108
824	0.0508279800415	0.0191051959991	0.00178098678589
825	0.0634799003601	0.0185368061066	0.0015070438385
826	0.0512659549713	0.0209839344025	0.00194907188416
827	0.0530529022217	0.0191371440887	0.00137090682983
828	0.0502569675446	0.0225250720978	0.00144791603088
829	0.0476570129395	0.0182349681854	0.00137090682983
830	0.0476248264313	0.0190691947937	0.00138282775879
831	0.0483400821686	0.0183641910553	0.00135898590088
832	0.0486989021301	0.0197670459747	0.00144696235657
833	0.0489389896393	0.0188000202179	0.00144791603088
834	0.0497229099274	0.0187029838562	0.00139617919922
835	0.0504710674286	0.0185449123383	0.00155019760132
836	0.05029296875	0.0187320709229	0.00149297714233
837	0.0496170520782	0.0195319652557	0.00141906738281
838	0.0516510009766	0.0186231136322	0.0015549659729
839	0.0496470928192	0.0180501937866	0.00139904022217
840	0.0475900173187	0.0196521282196	0.00141406059265
841	0.0482711791992	0.018697977066	0.0016131401062
842	0.0538001060486	0.0205550193787	0.0014431476593
843	0.0525729656219	0.0181288719177	0.00144410133362
844	0.0486159324646	0.018012046814	0.00142002105713
845	0.0492599010468	0.018828868866	0.002681016922
846	0.064975976944	0.0219581127167	0.00142312049866
847	0.0591878890991	0.022824048996	0.00196194648743
848	0.0514719486237	0.0184581279755	0.00140190124512
849	0.0502021312714	0.0189039707184	0.00157499313354
850	0.0494968891144	0.018728017807	0.00140500068665
851	0.0500841140747	0.019140958786	0.00142812728882
852	0.0496110916138	0.0193870067596	0.0014820098877
853	0.0536029338837	0.0189621448517	0.00152993202209
854	0.0501160621643	0.018748998642	0.00144696235657
855	0.0496318340302	0.0192749500275	0.00138592720032
856	0.0511939525604	0.0193600654602	0.00146007537842
857	0.0524079799652	0.0197658538818	0.00147104263306
858	0.0513799190521	0.0195879936218	0.00155901908875
859	0.0515968799591	0.0194940567017	0.00142407417297
860	0.0504860877991	0.0192899703979	0.00138783454895
861	0.0518848896027	0.0194659233093	0.00151109695435
862	0.0526080131531	0.0190539360046	0.00141310691833
863	0.0512521266937	0.0191259384155	0.00146198272705
864	0.052020072937	0.0217390060425	0.00147914886475
865	0.0540721416473	0.0197658538818	0.0014431476593
866	0.0543420314789	0.0217628479004	0.00145697593689
867	0.0569460391998	0.0217530727386	0.00146412849426
868	0.0594420433044	0.022824048996	0.00171804428101
869	0.0530140399933	0.0197229385376	0.00205707550049
870	0.0575149059296	0.0201470851898	0.00145196914673
871	0.0545780658722	0.0196170806885	0.00148701667786
872	0.0521609783173	0.0209648609161	0.00162196159363
873	0.0513179302216	0.0202050209045	0.00155782699585
874	0.0559158325195	0.0205829143524	0.00149011611938
875	0.053375005722	0.048033952713	0.00301003456116
876	0.0650091171265	0.0207970142365	0.00165987014771
877	0.0536518096924	0.0199530124664	0.00154900550842
878	0.0563840866089	0.0234711170197	0.0014181137085
879	0.0543520450592	0.0198729038239	0.00146698951721
880	0.0548520088196	0.0201442241669	0.00150799751282
881	0.0557241439819	0.0206341743469	0.00152611732483
882	0.0552871227264	0.0216491222382	0.00233292579651
883	0.0555689334869	0.0209991931915	0.00187611579895
884	0.0566189289093	0.0212609767914	0.00152993202209
885	0.0557219982147	0.0201821327209	0.00147700309753
886	0.0544469356537	0.0210380554199	0.0015070438385
887	0.0542891025543	0.022115945816	0.00171685218811
888	0.0837128162384	0.0220170021057	0.00149416923523
889	0.0575699806213	0.0205140113831	0.00151705741882
890	0.0535848140717	0.020859003067	0.00153303146362
891	0.0544328689575	0.0203890800476	0.00152587890625
892	0.0546431541443	0.0265200138092	0.00155782699585
893	0.0646398067474	0.0252711772919	0.00277781486511
894	0.0625388622284	0.0217401981354	0.00169992446899
895	0.0562469959259	0.0227909088135	0.00161409378052
896	0.061115026474	0.0233390331268	0.00149202346802
897	0.0597720146179	0.0238659381866	0.0016040802002
898	0.0623490810394	0.0234010219574	0.0014488697052
899	0.0603950023651	0.0247039794922	0.00251197814941
900	0.0685319900513	0.0246140956879	0.00262999534607
901	0.0695190429688	0.0232038497925	0.00163578987122
902	0.0629000663757	0.0234670639038	0.00176215171814
903	0.0561699867249	0.0230228900909	0.00151014328003
904	0.0581769943237	0.0216798782349	0.00156903266907
905	0.0588841438293	0.0222208499908	0.00153613090515
906	0.0584061145782	0.0218780040741	0.00150585174561
907	0.060182094574	0.0239441394806	0.00203084945679
908	0.0820460319519	0.0217270851135	0.00153303146362
909	0.0563189983368	0.0210158824921	0.00150513648987
910	0.0577490329742	0.0211620330811	0.00158095359802
911	0.0563161373138	0.0225610733032	0.00154495239258
912	0.059308052063	0.0225851535797	0.00200295448303
913	0.0611619949341	0.0257518291473	0.00156712532043
914	0.0623779296875	0.0240268707275	0.00160503387451
915	0.0630328655243	0.0228250026703	0.00204181671143
916	0.0607531070709	0.0310890674591	0.00235104560852
917	0.0613420009613	0.0227329730988	0.00153803825378
918	0.0626890659332	0.0219719409943	0.00161099433899
919	0.0611190795898	0.0220060348511	0.00155997276306
920	0.0595169067383	0.0235211849213	0.00188589096069
921	0.0612189769745	0.0248899459839	0.00186705589294
922	0.0588960647583	0.0222389698029	0.00175714492798
923	0.0641241073608	0.0226821899414	0.00154209136963
924	0.059091091156	0.0227119922638	0.00175189971924
925	0.0589509010315	0.0225839614868	0.00162410736084
926	0.0641548633575	0.0223422050476	0.00158405303955
927	0.0595331192017	0.0226099491119	0.00181412696838
928	0.057727098465	0.0226340293884	0.00161290168762
929	0.0666480064392	0.0228559970856	0.00153493881226
930	0.0630240440369	0.0226080417633	0.00157690048218
931	0.0616250038147	0.023885011673	0.00158500671387
932	0.0598690509796	0.0223491191864	0.001629114151
933	0.0595779418945	0.0234789848328	0.00159502029419
934	0.0598831176758	0.0249269008636	0.001708984375
935	0.0632979869843	0.0250680446625	0.00154304504395
936	0.0630080699921	0.0227019786835	0.00165915489197
937	0.0625650882721	0.0241878032684	0.00161600112915
938	0.0617399215698	0.0229249000549	0.00157308578491
939	0.0611748695374	0.0241677761078	0.00162196159363
940	0.0606138706207	0.0230960845947	0.00163602828979
941	0.0610132217407	0.0227601528168	0.00155305862427
942	0.0608777999878	0.0226430892944	0.00161504745483
943	0.0628528594971	0.0238950252533	0.00160789489746
944	0.065309047699	0.0271890163422	0.00174999237061
945	0.0666279792786	0.0233860015869	0.00158715248108
946	0.0615839958191	0.0231940746307	0.00169491767883
947	0.0632679462433	0.0275437831879	0.00166797637939
948	0.0603229999542	0.0231521129608	0.00159001350403
949	0.0624730587006	0.0237600803375	0.00158309936523
950	0.0631489753723	0.0239298343658	0.00198721885681
951	0.0617809295654	0.023521900177	0.001629114151
952	0.0613541603088	0.0236699581146	0.00162196159363
953	0.0635390281677	0.0237860679626	0.00168609619141
954	0.0636539459229	0.0242419242859	0.00160503387451
955	0.0633208751678	0.0237832069397	0.00168895721436
956	0.0625331401825	0.0247831344604	0.00163102149963
957	0.0621302127838	0.0245938301086	0.00160908699036
958	0.0631668567657	0.0251178741455	0.00198721885681
959	0.0627629756927	0.0248498916626	0.00198698043823
960	0.0664179325104	0.0237858295441	0.00166296958923
961	0.0626630783081	0.0255520343781	0.00266909599304
962	0.0735461711884	0.0268568992615	0.00186109542847
963	0.0749399662018	0.0241770744324	0.00165891647339
964	0.0638120174408	0.0239279270172	0.00164198875427
965	0.062392950058	0.0241119861603	0.00167798995972
966	0.0632688999176	0.0252840518951	0.00159502029419
967	0.0646841526031	0.0244979858398	0.00162601470947
968	0.0672421455383	0.0259711742401	0.00166201591492
969	0.0694057941437	0.0263850688934	0.0019907951355
970	0.0658237934113	0.0254149436951	0.00173401832581
971	0.0623919963837	0.0244908332825	0.00184297561646
972	0.0644898414612	0.0239970684052	0.00167202949524
973	0.0666189193726	0.0243980884552	0.00168800354004
974	0.0694510936737	0.0242381095886	0.00172996520996
975	0.066281080246	0.0242590904236	0.00163507461548
976	0.0637319087982	0.0249569416046	0.00169992446899
977	0.0652320384979	0.0263710021973	0.00162220001221
978	0.0659091472626	0.0254969596863	0.00169706344604
979	0.0702681541443	0.0252420902252	0.00162601470947
980	0.0649929046631	0.0247268676758	0.00174403190613
981	0.0663831233978	0.0283048152924	0.00188994407654
982	0.0686459541321	0.0274150371552	0.00182199478149
983	0.065642118454	0.0272378921509	0.00185990333557
984	0.0678331851959	0.025680065155	0.00172209739685
985	0.0673608779907	0.0248939990997	0.00171613693237
986	0.0695791244507	0.0259370803833	0.00197100639343
987	0.067834854126	0.0266799926758	0.00193095207214
988	0.0718410015106	0.0273270606995	0.00198912620544
989	0.0715310573578	0.0280511379242	0.00180888175964
990	0.0700979232788	0.0259640216827	0.00161790847778
991	0.0662360191345	0.0251548290253	0.00168895721436
992	0.0751030445099	0.0278849601746	0.00165295600891
993	0.0687181949615	0.0252621173859	0.0016770362854
994	0.071769952774	0.0283818244934	0.00167512893677
995	0.0686960220337	0.0284969806671	0.00164580345154
996	0.0699880123138	0.0276968479156	0.00174689292908
997	0.0751240253448	0.0255329608917	0.00166296958923
998	0.0705399513245	0.0263440608978	0.00170707702637
999	0.0680038928986	0.02556681633	0.00173401832581
1000	0.0664710998535	0.025582075119	0.00168704986572
1001	0.0682680606842	0.0286359786987	0.00172090530396
1002	0.0686671733856	0.0256018638611	0.001708984375
1003	0.068030834198	0.0261189937592	0.00167107582092
1004	0.0756330490112	0.0266849994659	0.00170683860779
1005	0.0676629543304	0.0257229804993	0.00168895721436
1006	0.0701339244843	0.0258901119232	0.00164699554443
1007	0.0722270011902	0.0266120433807	0.00176501274109
1008	0.0684931278229	0.0258431434631	0.00175809860229
1009	0.0715959072113	0.0259459018707	0.00172209739685
1010	0.0743570327759	0.0260241031647	0.00177311897278
1011	0.0701160430908	0.026340007782	0.00166893005371
1012	0.0755209922791	0.0261778831482	0.00168418884277
1013	0.0749390125275	0.0284171104431	0.00176310539246
1014	0.0698208808899	0.0263428688049	0.00181412696838
1015	0.0697028636932	0.0292890071869	0.00194406509399
1016	0.0718510150909	0.0270299911499	0.00171399116516
1017	0.0723950862885	0.0295178890228	0.00179719924927
1018	0.0733759403229	0.0279161930084	0.00175094604492
1019	0.0746741294861	0.0269479751587	0.00179100036621
1020	0.0744249820709	0.0266051292419	0.00174188613892
1021	0.0762219429016	0.0266530513763	0.00176191329956
1022	0.072224855423	0.0268630981445	0.00175094604492
1023	0.0751390457153	0.0282819271088	0.00208806991577
1024	0.0731298923492	0.0276291370392	0.00179505348206
1025	0.0699889659882	0.027841091156	0.00171709060669
1026	0.0700800418854	0.0275440216064	0.00180196762085
1027	0.0720808506012	0.0271039009094	0.00174403190613
1028	0.070732831955	0.0320808887482	0.00173497200012
1029	0.0760447978973	0.0271551609039	0.00173497200012
1030	0.0739729404449	0.027027130127	0.00178098678589
1031	0.0767638683319	0.0292990207672	0.00202107429504
1032	0.0749921798706	0.0311360359192	0.00190305709839
1033	0.0771188735962	0.0284309387207	0.00173211097717
1034	0.0758788585663	0.027801990509	0.00175404548645
1035	0.0778820514679	0.0275011062622	0.00177502632141
1036	0.0808401107788	0.0283842086792	0.00224995613098
1037	0.0770099163055	0.0282118320465	0.00174403190613
1038	0.0766670703888	0.0277590751648	0.00175809860229
1039	0.075178861618	0.0276670455933	0.00178122520447
1040	0.0823321342468	0.0300509929657	0.001953125
1041	0.0763211250305	0.027941942215	0.0017991065979
1042	0.0738661289215	0.0284938812256	0.00178599357605
1043	0.0759031772614	0.0291128158569	0.00172591209412
1044	0.0760419368744	0.027909040451	0.00179719924927
1045	0.079038143158	0.0299999713898	0.00201392173767
1046	0.0770440101624	0.028030872345	0.00233888626099
1047	0.0757331848145	0.0287148952484	0.001788854599
1048	0.0750470161438	0.0280690193176	0.00180792808533
1049	0.0795178413391	0.0280818939209	0.00186491012573
1050	0.0791139602661	0.0292770862579	0.00192999839783
1051	0.0801510810852	0.0315110683441	0.00188302993774
1052	0.0814969539642	0.0282330513	0.00174522399902
1053	0.0746710300446	0.0285320281982	0.00210785865784
1054	0.0801248550415	0.0312180519104	0.00188279151917
1055	0.0756080150604	0.030620098114	0.00185203552246
1056	0.0838990211487	0.0297799110413	0.00178599357605
1057	0.0762670040131	0.0310080051422	0.00196599960327
1058	0.0766539573669	0.0353031158447	0.0017991065979
1059	0.0756149291992	0.0289258956909	0.00185179710388
1060	0.0774450302124	0.0292818546295	0.00184011459351
1061	0.0823619365692	0.0298199653625	0.00185799598694
1062	0.07847905159	0.0308399200439	0.00213003158569
1063	0.0812029838562	0.0304980278015	0.00179314613342
1064	0.0774681568146	0.0306289196014	0.00183320045471
1065	0.080069065094	0.0321710109711	0.00183296203613
1066	0.0802381038666	0.0297629833221	0.00180697441101
1067	0.0798630714417	0.029226064682	0.00187087059021
1068	0.0821762084961	0.0292890071869	0.00191116333008
1069	0.0773110389709	0.02911901474	0.0018298625946
1070	0.0798180103302	0.0329639911652	0.00341987609863
1071	0.0788590908051	0.0296659469604	0.00187706947327
1072	0.0788741111755	0.0297260284424	0.00188302993774
1073	0.077684879303	0.0346250534058	0.00215005874634
1074	0.0878839492798	0.033821105957	0.00223302841187
1075	0.0869278907776	0.0307860374451	0.0018470287323
1076	0.0779929161072	0.0326790809631	0.00187397003174
1077	0.0824038982391	0.032212972641	0.00207495689392
1078	0.0899510383606	0.0296220779419	0.00235199928284
1079	0.0831460952759	0.0301039218903	0.00179100036621
1080	0.079822063446	0.0298511981964	0.00185203552246
1081	0.0796530246735	0.0325059890747	0.00215005874634
1082	0.0803649425507	0.0324108600616	0.00203084945679
1083	0.0832679271698	0.0316190719604	0.00187087059021
1084	0.081524848938	0.0300409793854	0.00187611579895
1085	0.0803151130676	0.0330121517181	0.00184202194214
1086	0.0800759792328	0.0302200317383	0.00194501876831
1087	0.0823249816895	0.0307259559631	0.00188708305359
1088	0.0806400775909	0.0302820205688	0.00182104110718
1089	0.0884439945221	0.033567905426	0.00211501121521
1090	0.0817391872406	0.0304911136627	0.00188088417053
1091	0.0842950344086	0.0305199623108	0.00193405151367
1092	0.0824508666992	0.0341060161591	0.00191593170166
1093	0.0942099094391	0.0332570075989	0.00209808349609
1094	0.0846390724182	0.0305728912354	0.00206804275513
1095	0.0822360515594	0.0356090068817	0.00198197364807
1096	0.0846991539001	0.0337009429932	0.00187206268311
1097	0.086061000824	0.0306568145752	0.00187587738037
1098	0.0836539268494	0.0334649085999	0.00234389305115
1099	0.0827629566193	0.0340909957886	0.00188493728638
1100	0.0886199474335	0.0315699577332	0.00200915336609
1101	0.0848388671875	0.0319149494171	0.00199508666992
1102	0.0891981124878	0.0314691066742	0.00190210342407
1103	0.0849339962006	0.0315809249878	0.00194811820984
1104	0.0843279361725	0.0312259197235	0.00236392021179
1105	0.0831120014191	0.0341229438782	0.00192999839783
1106	0.0876109600067	0.0316340923309	0.00199604034424
1107	0.0838611125946	0.0317440032959	0.00184798240662
1108	0.0860869884491	0.0313801765442	0.00195407867432
1109	0.0831091403961	0.0325891971588	0.00188684463501
1110	0.0863780975342	0.0319240093231	0.00191307067871
1111	0.0896530151367	0.0347797870636	0.00211215019226
1112	0.0852830410004	0.0315999984741	0.00195598602295
1113	0.0841829776764	0.0339798927307	0.00222611427307
1114	0.0850551128387	0.0343701839447	0.00193405151367
1115	0.0868890285492	0.0345978736877	0.00217890739441
1116	0.0888381004333	0.0320029258728	0.00199294090271
1117	0.0858118534088	0.0319080352783	0.00190782546997
1118	0.0878159999847	0.0343148708344	0.00188803672791
1119	0.0861849784851	0.0322041511536	0.00195908546448
1120	0.0858190059662	0.0319459438324	0.00192403793335
1121	0.0851230621338	0.0349938869476	0.00223803520203
1122	0.0852420330048	0.0325620174408	0.00200700759888
1123	0.0870559215546	0.0327270030975	0.00204300880432
1124	0.0907189846039	0.0366427898407	0.00195217132568
1125	0.0881750583649	0.0356612205505	0.00204396247864
1126	0.0909259319305	0.0354070663452	0.00201010704041
1127	0.0877640247345	0.0324561595917	0.00201106071472
1128	0.0891630649567	0.0328009128571	0.00198101997375
1129	0.0870630741119	0.0326449871063	0.00190687179565
1130	0.0928790569305	0.032840013504	0.00204586982727
